111111111111111111111111111111111111111111111111111111111111111111111111111111111111111111111111111111111111111111111111111111111111111111111
111111111111111111111111111111111111111111111111111111111111111111111110011111111111111111111111111111111111111111111111111111111111111111111
111111111111111111111111111111111111111111111111111111111111111111111000000111111111111111111111111111111111111111111111111111111111111111111
111111111111111111111111111111111111111111111111111111111111111111110000000011111111111111111111111111111111111111111111111111111111111111111
111111111111111111111111111111111111111111111111111111111111111111110000000011111111111111111111111111111111111111111111111111111111111111111
111111111111111111111111111111111111111111111111111111111111111111100000000001111111111111111111111111111111111111111111111111111111111111111
111111111111111111111111111111111111111111111111111111111111111111100000000001111111111111111111111111111111111111111111111111111111111111111
111111111111111111111111111111111111111111111111111111111111111111110000000011111111111111111111111111111111111111111111111111111111111111111
111111111111111111111111111111111111111111111111111111111111111111110000000011111111111111111111111111111111111111111111111111111111111111111
111111111111111111111111111111111111111111111111111111111111111111111000000111111111111111111111111111111111111111111111111111111111111111111
111111111111111111111111111111111111111111111111111111111111111111111110011111111111111111111111111111111111111111111111111111111111111111111
111111111111111111111111111111111111111111111111111111111111111111111110111111111111111111111111111111111111111111111111111111111111111111111
111111111111111111111111111111111111111111111111111111111111111111111110111111111111111111111111111111111111111111111111111111111111111111111
111111111111111111111111111111111111111111111111111111111111111111111110111111111111111111111111111111111111111111111111111111111111111111111
111111111111111111111111111111111111111111111111111111111111111111000000000001111111111111111111111111111111111111111111111111111111111111111
111111111111111111111111111111111111111111111111111111000000000000000000000000000000000001111111111111111111111111111111111111111111111111111
111111111111111111111111111111111111111111000000000000000000000000000000000000000000000000000000000001111111111111111111111111111111111111111
111111111111111111000111111100000000000000000000000000000000000000000000000000000000000000000000000000000000000000011111110001111111111111111
111111111111111111000000000000000000000000000000000000000000000000000000000000000000000000000000000000000000000000000000000001111111111111111
111111111111111111000111001111111111111111111111111111111111111111111100011111111111111111111111111111111111111111111101110001111111111111111
111111111111111111111111001111111111111111111111111111111111111111111100011111111111111111111111111111111111111111111101111111111111111111111
111111111111111111111111001111111111111111111111111111111111111111111100011111111111111111111111111111111111111111111000111111111111111111111
111111111111111111111110000111111111111111111111111111111111111111111100011111111111111111111111111111111111111111111000111111111111111111111
111111111111111111111110110111111111111111111111111111111111111111111100011111111111111111111111111111111111111111111010011111111111111111111
111111111111111111111110110111111111111111111111111111111111111111111100011111111111111111111111111111111111111111110010011111111111111111111
111111111111111111111100110011111111111111111111111111111111111111111100011111111111111111111111111111111111111111110111011111111111111111111
111111111111111111111101111011111111111111111111111111111111111111111100011111111111111111111111111111111111111111110111001111111111111111111
111111111111111111111101111011111111111111111111111111111111111111111100011111111111111111111111111111111111111111100111001111111111111111111
111111111111111111111001111001111111111111111111111111111111111111111100011111111111111111111111111111111111111111101111101111111111111111111
111111111111111111111011111101111111111111111111111111111111111111111100011111111111111111111111111111111111111111101111100111111111111111111
111111111111111111111011111101111111111111111111111111111111111111111100011111111111111111111111111111111111111111001111100111111111111111111
111111111111111111110011111100111111111111111111111111111111111111111100011111111111111111111111111111111111111111011111110111111111111111111
111111111111111111110111111110111111111111111111111111111111111111111100011111111111111111111111111111111111111111011111110011111111111111111
111111111111111111110111111110111111111111111111111111111111111111111100011111111111111111111111111111111111111110011111111011111111111111111
111111111111111111100111111110011111111111111111111111111111111111111100011111111111111111111111111111111111111110111111111011111111111111111
111111111111111111101111111111011111111111111111111111111111111111111100001111111111111111111111111111111111111110111111111001111111111111111
111111111111111111101111111111011111111111111111111111111111111111111100001111111111111111111111111111111111111100111111111101111111111111111
111111111111111111001111111111001111111111111111111111111111111111111100001111111111111111111111111111111111111101111111111101111111111111111
111111111111111111011111111111101111111111111111111111111111111111111100001111111111111111111111111111111111111101111111111100111111111111111
111111111111111111011111111111101111111111111111111111111111111111111000001111111111111111111111111111111111111001111111111110111111111111111
111111111111111110011111111111100111111111111111111111111111111111111000001111111111111111111111111111111111111011111111111110111111111111111
111111111111111110111111111111110111111111111111111111111111111111111000001111111111111111111111111111111111111011111111111110011111111111111
111111111111111110111111111111110111111111111111111111111111111111111000001111111111111111111111111111111111110011111111111111011111111111111
111111111111111100111111111111110011111111111111111111111111111111111000001111111111111111111111111111111111110111111111111111011111111111111
111111111111111101111111111111111011111111111111111111111111111111111000001111111111111111111111111111111111110111111111111111001111111111111
111111111111111101111111111111111011111111111111111111111111111111111000001111111111111111111111111111111111100111111111111111101111111111111
111111111111111001111111111111111001111111111111111111111111111111111000001111111111111111111111111111111111101111111111111111101111111111111
111111111111111011111111111111111101111111111111111111111111111111111000001111111111111111111111111111111111101111111111111111100111111111111
111111111111111011111111111111111101111111111111111111111111111111111000001111111111111111111111111111111111001111111111111111110111111111111
111111111111110011111111111111111100111111111111111111111111111111111000001111111111111111111111111111111111011111111111111111110111111111111
111111111111110111111111111111111110111111111111111111111111111111111000001111111111111111111111111111111111011111111111111111110011111111111
111111111111110111111111111111111110111111111111111111111111111111111000001111111111111111111111111111111110011111111111111111111011111111111
111111111111100111111111111111111110011111111111111111111111111111111000001111111111111111111111111111111110111111111111111111111011111111111
111111111111101111111111111111111111011111111111111111111111111111111000000111111111111111111111111111111110111111111111111111111001111111111
111111111111101111111111111111111111011111111111111111111111111111111000000111111111111111111111111111111100111111111111111111111101111111111
111111111111001111111111111111111111001111111111111111111111111111111000000111111111111111111111111111111101111111111111111111111101111111111
111111111111011111111111111111111111101111111111111111111111111111111000000111111111111111111111111111111101111111111111111111111100111111111
111111111111011111111111111111111111101111111111111111111111111111111000000111111111111111111111111111111001111111111111111111111110111111111
111111111110011111111111111111111111100111111111111111111111111111110000000111111111111111111111111111111011111111111111111111111110111111111
111111111110111111111111111111111111110111111111111111111111111111110000000111111111111111111111111111110011111111111111111111111110011111111
111111111110111111111111111111111111110111111111111111111111111111110000000111111111111111111111111111110011111111111111111111111111011111111
111111111100111111111111111111111111110011111111111111111111111111110000000111111111111111111111111111110111111111111111111111111111011111111
111111111101111111111111111111111111111011111111111111111111111111110000000111111111111111111111111111100111111111111111111111111111001111111
111111111101111111111111111111111111111001111111111111111111111111110000000111111111111111111111111111100111111111111111111111111111101111111
111111111001111111111111111111111111111001111111111111111111111111110000000111111111111111111111111111101111111111111111111111111111101111111
111111111011111111111111111111111111111101111111111111111111111111110000000111111111111111111111111111001111111111111111111111111111100111111
111111111011111111111111111111111111111100111111111111111111111111110000000111111111111111111111111111001111111111111111111111111111110111111
111111110011111111111111111111111111111100111111111111111111111111110000000111111111111111111111111111011111111111111111111111111111110111111
111111110111111111111111111111111111111110111111111111111111111111110000000111111111111111111111111110011111111111111111111111111111110011111
111111110111111111111111111111111111111110011111111111111111111111110000000111111111111111111111111110011111111111111111111111111111111011111
111111100111111111111111111111111111111111011111111111111111111111110000000111111111111111111111111110111111111111111111111111111111111011111
111111101111111111111111111111111111111111011111111111111111111111110000000111111111111111111111111100111111111111111111111111111111111001111
000000000000000000000000000000000000000000000001111111111111111111110000000011111111111111111100000000000000000000000000000000000000000000000
110000000000000000000000000000000000000000000001111111111111111111110000000011111111111111111110000000000000000000000000000000000000000000001
111000000000000000000000000000000000000000000011111111111111111111110000000011111111111111111111000000000000000000000000000000000000000000011
111100000000000000000000000000000000000000000111111111111111111111110000000011111111111111111111100000000000000000000000000000000000000000111
111111000000000000000000000000000000000000011111111111111111111111100000000011111111111111111111111000000000000000000000000000000000000001111
111111110000000000000000000000000000000001111111111111111111111111100000000011111111111111111111111110000000000000000000000000000000000111111
111111111110000000000000000000000000001111111111111111111111111111100000000011111111111111111111111111110000000000000000000000000000111111111
111111111111111000000000000000000011111111111111111111111111111111100000000011111111111111111111111111111111000000000000000000001111111111111
111111111111111111111111111111111111111111111111111111111111111111100000000011111111111111111111111111111111111111111111111111111111111111111
111111111111111111111111111111111111111111111111111111111111111111100000000011111111111111111111111111111111111111111111111111111111111111111
111111111111111111111111111111111111111111111111111111111111111111100000000011111111111111111111111111111111111111111111111111111111111111111
111111111111111111111111111111111111111111111111111111111111111111100000000011111111111111111111111111111111111111111111111111111111111111111
111111111111111111111111111111111111111111111111111111111111111111100000000011111111111111111111111111111111111111111111111111111111111111111
111111111111111111111111111111111111111111111111111111111111111111100000000011111111111111111111111111111111111111111111111111111111111111111
111111111111111111111111111111111111111111111111111111111111111111100000000011111111111111111111111111111111111111111111111111111111111111111
111111111111111111111111111111111111111111111111111111111111111111100000000011111111111111111111111111111111111111111111111111111111111111111
111111111111111111111111111111111111111111111111111111111111111111100000000011111111111111111111111111111111111111111111111111111111111111111
111111111111111111111111111111111111111111111111111111111111111111100000000011111111111111111111111111111111111111111111111111111111111111111
111111111111111111111111111111111111111111111111111111111111111111100000000011111111111111111111111111111111111111111111111111111111111111111
111111111111111111111111111111111111111111111111111111111111111111100000000001111111111111111111111111111111111111111111111111111111111111111
111111111111111111111111111111111111111111111111111111111111111111100000000001111111111111111111111111111111111111111111111111111111111111111
111111111111111111111111111111111111111111111111111111111111111111100000000001111111111111111111111111111111111111111111111111111111111111111
111111111111111111111111111111111111111111111111111111111111111111100000000001111111111111111111111111111111111111111111111111111111111111111
111111111111111111111111111111111111111111111111111111111111111111000000000001111111111111111111111111111111111111111111111111111111111111111
111111111111111111111111111111111111111111111111111111111111111111000000000001111111111111111111111111111111111111111111111111111111111111111
111111111111111111111111111111111111111111111111111111111111111111000000000001111111111111111111111111111111111111111111111111111111111111111
111111111111111111111111111111111111111111111111111111111111111111000000000001111111111111111111111111111111111111111111111111111111111111111
111111111111111111111111111111111111111111111111111111111111111111000000000001111111111111111111111111111111111111111111111111111111111111111
111111111111111111111111111111111111111111111111111111111111111111000000000001111111111111111111111111111111111111111111111111111111111111111
111111111111111111111111111111111111111111111111111111111111111111000000000001111111111111111111111111111111111111111111111111111111111111111
111111111111111111111111111111111111111111111111111111111111111111000000000001111111111111111111111111111111111111111111111111111111111111111
111111111111111111111111111111111111111111111111111111111111111111000000000001111111111111111111111111111111111111111111111111111111111111111
111111111111111111111111111111111111111111111111111111111111111111000000000001111111111111111111111111111111111111111111111111111111111111111
111111111111111111111111111111111111111111111111111111111111111111000000000001111111111111111111111111111111111111111111111111111111111111111
111111111111111111111111111111111111111111111111111111111111111111000000000001111111111111111111111111111111111111111111111111111111111111111
111111111111111111111111111111111111111111111111111111111111111111000000000001111111111111111111111111111111111111111111111111111111111111111
111111111111111111111111111111111111111111111111111111111111111111000000000001111111111111111111111111111111111111111111111111111111111111111
111111111111111111111111111111111111111111111111111111111111111111000000000000111111111111111111111111111111111111111111111111111111111111111
111111111111111111111111111111111111111111111111111111111111111111000000000000111111111111111111111111111111111111111111111111111111111111111
111111111111111111111111111111111111111111111111111111111111111110000000000000111111111111111111111111111111111111111111111111111111111111111
111111111111111111111111111111111111111111111111111111111111111110000000000000111111111111111111111111111111111111111111111111111111111111111
111111111111111111111111111111111111111111111111111111111111111100000000000000011111111111111111111111111111111111111111111111111111111111111
111111111111111111111111111111111111111111111111111111111111110000000000000000000111111111111111111111111111111111111111111111111111111111111
111111111111111111111111111111111111111111111111111111111000000000000000000000000000001111111111111111111111111111111111111111111111111111111
111111111111111111111111111111111111111111111111100000000000000000000000000000000000000000000011111111111111111111111111111111111111111111111
111111111111111111111111111111111111111111110000000000000000000000000000000000000000000000000000000111111111111111111111111111111111111111111
111111111111111111111111111111111111111110000000000000000000000000000000000000000000000000000000000000111111111111111111111111111111111111111
111111111111111111111111111111111111111100000000000000000000000000000000000000000000000000000000000000001111111111111111111111111111111111111
111111111111111111111111111111111111110000000000000000000000000000000000000000000000000000000000000000000111111111111111111111111111111111111
111111111111111111111111111111111111100000000000000000000000000000000000000000000000000000000000000000000011111111111111111111111111111111111
111111111111111111111111111111111111100000000000000000000000000000000000000000000000000000000000000000000001111111111111111111111111111111111
111111111111111111111111111111111111111111111111111111111111111111111111111111111111111111111111111111111111111111111111111111111111111111111
111111111111111111111111111111111111111111111111111111111111111111111111111111111111111111111111111111111111111111111111111111111111111111111
111111111111111111111111111111111111111111111111111111111111111111111111111111111111111111111111111111111111111111111111111111111111111111111
100000000011111111111111111111111111111111111111111111111111111111111111111111111111111111111111111111111111111111111111111111111110000000001
000000000001111111111111111111111111111111111111111111111111111111111111111111111111111111111111111111111111111111111111111111111110000000000
000000000000011111111111111111111111111111111111111111111111111111111111111111111111111111111111111111111111111111111111111111111100000000000
000000000000000000000000000000000000000000000000111111111111111111111111111111111111111111111000000000000000000000000000000000000000000000001
100000000000000000000000000000000000000000000000000000000000111111111111111111000000000000000000000000000000000000000000000000000000000000011
111000000000000000000000000000000000000000000000000000000000000000111111110000000000000000000000000000000000000000000000000000000000000001111
111110000000000000000000000000000000000000000000000000000000000000000111000000000000000000000000000000000000000000000000000000000000000111111
111111111111111111111111111111111111111111111111111110000000000000000000000000000000011111111111111111111111111111111111111111111111111111111
111111111111111111111111111111111111111111111111111111111110000000000000000000111111111111111111111111111111111111111111111111111111111111111
111111111111111111111111111111111111111111111111111111111111111100000000000011111111111111111111111111111111111111111111111111111111111111111
111111111111111111111111111111111111111111111111111111111111111111000000000111111111111111111111111111111111111111111111111111111111111111111
111111111111111111111111111111111111111111111111111111111111111111110000011111111111111111111111111111111111111111111111111111111111111111111
111111111111111111111111111111111111111111111111111111111111111111111000111111111111111111111111111111111111111111111111111111111111111111111
111111111111111111111111111111111111111111111111111111111111111111111111111111111111111111111111111111111111111111111111111111111111111111111
111111111111111111111111111111111111111111111111111111111111111111111111111111111111111111111111111111111111111111111111111111111111111111111
111111111111111111111111111111111111111111111111111111111111111111111111111111111111111111111111111111111111111111111111111111111111111111111