111111111111111111111111111111111111111111111111111111111111111111111111111111111111111111111111111111111111111111111111111111111111111111111
111111111111111111111111111111111111111111111111111111111111111111111100001111111111111111111111111111111111111111111111111111111111111111111
111111111111111111111111111111111111111111111111111111111111111111111000000111111111111111111111111111111111111111111111111111111111111111111
111111111111111111100001111111111111111111111111111111111111111111110000000011111111111111111111111111111111111111111111111111111111111111111
111111111111111111000000011111111111111111111111111111111111111111100000000001111111111111111111111111111111111111111111111111111111111111111
111111111111111111100000000001111111111111111111111111111111111111100000000001111111111111111111111111111111111111111111111111111111111111111
111111111111111111110011100000000111111111111111111111111111111111100000000001111111111111111111111111111111111111111111111111111111111111111
111111111111111111111111000110000000000011111111111111111111111111100000000001111111111111111111111111111111111111111111111111111111111111111
111111111111111111111111000111111000000000000111111111111111111111110000000011111111111111111111111111111111111111111111111111111111111111111
111111111111111111111110000111111111100000000000011111111111111111110000000111111111111111111111111111111111111111111111111111111111111111111
111111111111111111111110000111111111111100000000000001111111111111111100001111111111111111111111111111111111111111111111111111111111111111111
111111111111111111111100010011111111111111100000000000000000111111111110111111111111111111111111111111111111111111111111111111111111111111111
111111111111111111111110110011111111111111111111000000000000000001111110111111111111111111111111111111111111111111111111111111111111111111111
111111111111111111111100111001111111111111111111111000000000000000000110111111111111111111111111111111111111111111111111111111111111111111111
111111111111111111111100111001111111111111111111111110000000000000000000011111111111111111111111111111111111111111111111111111111111111111111
111111111111111111111001111001111111111111111111111111111000000000000000000011111111111111111111111111111111111111111111111111111111111111111
111111111111111111111001111000111111111111111111111111111111110000000000000000000111111111111111111111111111111111111111111111111111111111111
111111111111111111111001111100111111111111111111111111111111111100000000000000000001111111111111111111111111111111111111111111111111111111111
111111111111111111110001111100011111111111111111111111111111111111110000000000000000001111111111111111111111111111111111111111111111111111111
111111111111111111110011111100011111111111111111111111111111111111111100000000000000000000111111111111111111111111111111111111111111111111111
111111111111111111110011111110011111111111111111111111111111111111111110011110000000000000000011111111111111111111111111111111111111111111111
111111111111111111100011111110011111111111111111111111111111111111111110011111111000000000000000011111111111111111111111111111111111111111111
111111111111111111100111111111001111111111111111111111111111111111111100011111111111100000000000000011111111111111111111111111111111111111111
111111111111111111000111111111001111111111111111111111111111111111111100011111111111111111000000000000011111111111111111111111111111111111111
111111111111111111101111111111001111111111111111111111111111111111111100011111111111111111111111100000000000111111111111111111111111111111111
111111111111111111001111111111100111111111111111111111111111111111111100011111111111111111111111111111000000000111111111111111111111111111111
111111111111111111001111111111100111111111111111111111111111111111111100011111111111111111111111111111111000000000111111111111111111111111111
111111111111111110011111111111100111111111111111111111111111111111111100011111111111111111111111111111111111110000000111001111111111111111111
111111111111111110011111111111100011111111111111111111111111111111111100001111111111111111111111111111111111111111110000000011111111111111111
111111111111111110011111111111110011111111111111111111111111111111111100001111111111111111111111111111111111111111110010000011111111111111111
111111111111111100011111111111110001111111111111111111111111111111111100001111111111111111111111111111111111111111100011000111111111111111111
111111111111111100111111111111110001111111111111111111111111111111111100001111111111111111111111111111111111111111100011101111111111111111111
111111111111111100111111111111111001111111111111111111111111111111111100001111111111111111111111111111111111111111100001111111111111111111111
111111111111111000111111111111111001111111111111111111111111111111111100001111111111111111111111111111111111111111101001111111111111111111111
111111111111111001111111111111111100111111111111111111111111111111111100001111111111111111111111111111111111111111001001111111111111111111111
111111111111110001111111111111111100111111111111111111111111111111111100001111111111111111111111111111111111111111011001111111111111111111111
111111111111111011111111111111111100111111111111111111111111111111111000001111111111111111111111111111111111111110011100111111111111111111111
111111111111110011111111111111111110011111111111111111111111111111111000001111111111111111111111111111111111111110011100111111111111111111111
111111111111110011111111111111111110011111111111111111111111111111111000001111111111111111111111111111111111111110011110111111111111111111111
111111111111100111111111111111111110011111111111111111111111111111111000001111111111111111111111111111111111111100111110011111111111111111111
111111111111100111111111111111111110001111111111111111111111111111111000001111111111111111111111111111111111111100111110011111111111111111111
111111111111100111111111111111111111001111111111111111111111111111111000001111111111111111111111111111111111111100111110001111111111111111111
111111111111000111111111111111111111000111111111111111111111111111111000001111111111111111111111111111111111111001111111001111111111111111111
111111111111001111111111111111111111000111111111111111111111111111111000001111111111111111111111111111111111111001111111001111111111111111111
111111111111001111111111111111111111100111111111111111111111111111111000001111111111111111111111111111111111111001111111000111111111111111111
111111111110001111111111111111111111100111111111111111111111111111111000000111111111111111111111111111111111110011111111100111111111111111111
111111111110011111111111111111111111110011111111111111111111111111111000000111111111111111111111111111111111110011111111100111111111111111111
111111111100011111111111111111111111110011111111111111111111111111111000000111111111111111111111111111111111110111111111100111111111111111111
111111111100111111111111111111111111110011111111111111111111111111111000000111111111111111111111111111111111100111111111110011111111111111111
111111111100111111111111111111111111111001111111111111111111111111111000000111111111111111111111111111111111100111111111110011111111111111111
111111111100111111111111111111111111111001111111111111111111111111110000000111111111111111111111111111111111000111111111111011111111111111111
111111111001111111111111111111111111111001111111111111111111111111110000000111111111111111111111111111111111001111111111111001111111111111111
111111111001111111111111111111111111111000111111111111111111111111110000000111111111111111111111111111111111001111111111111001111111111111111
111111111001111111111111111111111111111100111111111111111111111111110000000111111111111111111111111111111110001111111111111000111111111111111
111111110001111111111111111111111111111100011111111111111111111111110000000111111111111111111111111111111110011111111111111100111111111111111
111111110011111111111111111111111111111100011111111111111111111111110000000111111111111111111111111111111110011111111111111100111111111111111
111111110011111111111111111111111111111110011111111111111111111111110000000111111111111111111111111111111110011111111111111100011111111111111
111111100011111111111111111111111111111110011111111111111111111111110000000111111111111111111111111111111100111111111111111110011111111111111
111111100111111111111111111111111111111111001111111111111111111111110000000111111111111111111111111111111100111111111111111110011111111111111
000000000000000000000000000000000000000000000000111111111111111111110000000111111111111111111111111111111101111111111111111110011111111111111
100000000000000000000000000000000000000000000000111111111111111111110000000111111111111111111111111111111001111111111111111111001111111111111
110000000000000000000000000000000000000000000001111111111111111111110000000111111111111111111111111111111001111111111111111111001111111111111
111000000000000000000000000000000000000000000011111111111111111111110000000111111111111111111111111111110001111111111111111111101111111111111
111100000000000000000000000000000000000000000111111111111111111111110000000111111111111111111111111111110011111111111111111111100111111111111
111111100000000000000000000000000000000000011111111111111111111111110000000111111111111111111111111111110011111111111111111111100111111111111
111111111000000000000000000000000000000011111111111111111111111111110000000111111111111111111111111111100011111111111111111111100011111111111
111111111111000000000000000000000000001111111111111111111111111111110000000111111111111111111111111111100111111111111111111111110011111111111
111111111111111100000000000000000111111111111111111111111111111111100000000111111111111111111111111111100111111111111111111111110011111111111
111111111111111111111111111111111111111111111111111111111111111111100000000111111111111111111111111111100111111111111111111111110001111111111
111111111111111111111111111111111111111111111111111111111111111111100000000111111111111111111111111111001111111111111111111111111001111111111
111111111111111111111111111111111111111111111111111111111111111111100000000011111111111111111111111111001111111111111111111111111001111111111
111111111111111111111111111111111111111111111111111111111111111111100000000011111111111111111111111111011111111111111111111111111001111111111
111111111111111111111111111111111111111111111111111111111111111111100000000011111111111111111111111110011111111111111111111111111100111111111
111111111111111111111111111111111111111111111111111111111111111111100000000011111111111111111111111110011111111111111111111111111110111111111
111111111111111111111111111111111111111111111111111111111111111111100000000011111111111111111111111100011111111111111111111111111110111111111
111111111111111111111111111111111111111111111111111111111111111111100000000011111111111111111111111100111111111111111111111111111110011111111
111111111111111111111111111111111111111111111111111111111111111111100000000011111111111111111111111100111111111111111111111111111110001111111
111111111111111111111111111111111111111111111111111111111111111111100000000011111111111111111111111000111111111111111111111111111111001111111
111111111111111111111111111111111111111111111111111111111111111111100000000011111111111111111111111001111111111111111111111111111111001111111
111111111111111111111111111111111111111111111111111111111111111111100000000011111111111111111111111001111111111111111111111111111111001111111
111111111111111111111111111111111111111111111111111111111111111111100000000011111111111111111111111001111111111111111111111111111111100111111
111111111111111111111111111111111111111111111111111111111111111111100000000011111111111111111100000000000000000000000000000000000000000000000
111111111111111111111111111111111111111111111111111111111111111111100000000011111111111111111000000000000000000000000000000000000000000000000
111111111111111111111111111111111111111111111111111111111111111111100000000011111111111111111100000000000000000000000000000000000000000000001
111111111111111111111111111111111111111111111111111111111111111111100000000001111111111111111110000000000000000000000000000000000000000000001
111111111111111111111111111111111111111111111111111111111111111111100000000001111111111111111111100000000000000000000000000000000000000000011
111111111111111111111111111111111111111111111111111111111111111111100000000001111111111111111111110000000000000000000000000000000000000001111
111111111111111111111111111111111111111111111111111111111111111111100000000001111111111111111111111100000000000000000000000000000000000111111
111111111111111111111111111111111111111111111111111111111111111111100000000001111111111111111111111111100000000000000000000000000000011111111
111111111111111111111111111111111111111111111111111111111111111111100000000001111111111111111111111111111110000000000000000000000111111111111
111111111111111111111111111111111111111111111111111111111111111111100000000001111111111111111111111111111111111100000000000011111111111111111
111111111111111111111111111111111111111111111111111111111111111111100000000001111111111111111111111111111111111111111111111111111111111111111
111111111111111111111111111111111111111111111111111111111111111111100000000001111111111111111111111111111111111111111111111111111111111111111
111111111111111111111111111111111111111111111111111111111111111111000000000001111111111111111111111111111111111111111111111111111111111111111
111111111111111111111111111111111111111111111111111111111111111111000000000001111111111111111111111111111111111111111111111111111111111111111
111111111111111111111111111111111111111111111111111111111111111111000000000001111111111111111111111111111111111111111111111111111111111111111
111111111111111111111111111111111111111111111111111111111111111111000000000001111111111111111111111111111111111111111111111111111111111111111
111111111111111111111111111111111111111111111111111111111111111111000000000001111111111111111111111111111111111111111111111111111111111111111
111111111111111111111111111111111111111111111111111111111111111111000000000001111111111111111111111111111111111111111111111111111111111111111
111111111111111111111111111111111111111111111111111111111111111111000000000001111111111111111111111111111111111111111111111111111111111111111
111111111111111111111111111111111111111111111111111111111111111111000000000001111111111111111111111111111111111111111111111111111111111111111
111111111111111111111111111111111111111111111111111111111111111111000000000000111111111111111111111111111111111111111111111111111111111111111
111111111111111111111111111111111111111111111111111111111111111111000000000000111111111111111111111111111111111111111111111111111111111111111
111111111111111111111111111111111111111111111111111111111111111111000000000000111111111111111111111111111111111111111111111111111111111111111
111111111111111111111111111111111111111111111111111111111111111111000000000000111111111111111111111111111111111111111111111111111111111111111
111111111111111111111111111111111111111111111111111111111111111111000000000000111111111111111111111111111111111111111111111111111111111111111
111111111111111111111111111111111111111111111111111111111111111111000000000000111111111111111111111111111111111111111111111111111111111111111
111111111111111111111111111111111111111111111111111111111111111110000000000000111111111111111111111111111111111111111111111111111111111111111
111111111111111111111111111111111111111111111111111111111111111110000000000000111111111111111111111111111111111111111111111111111111111111111
111111111111111111111111111111111111111111111111111111111111111110000000000000111111111111111111111111111111111111111111111111111111111111111
111111111111111111111111111111111111111111111111111111111111111110000000000000111111111111111111111111111111111111111111111111111111111111111
111111111111111111111111111111111111111111111111111111111111111110000000000000011111111111111111111111111111111111111111111111111111111111111
111111111111111111111111111111111111111111111111111111111111111000000000000000001111111111111111111111111111111111111111111111111111111111111
111111111111111111111111111111111111111111111111111111111111000000000000000000000011111111111111111111111111111111111111111111111111111111111
111111111111111111111111111111111111111111111111111111100000000000000000000000000000000011111111111111111111111111111111111111111111111111111
111111111111111111111111111111111111111111111111100000000000000000000000000000000000000000000001111111111111111111111111111111111111111111111
111111111111111111111111111111111111111111000000000000000000000000000000000000000000000000000000000001111111111111111111111111111111111111111
111111111111111111111111111111111111111100000000000000000000000000000000000000000000000000000000000000111111111111111111111111111111111111111
111111111111111111111111111111111111111000000000000000000000000000000000000000000000000000000000000000001111111111111111111111111111111111111
111111111111111111111111111111111111110000000000000000000000000000000000000000000000000000000000000000000111111111111111111111111111111111111
111111111111111111111111111111111111100000000000000000000000000000000000000000000000000000000000000000000011111111111111111111111111111111111
111111111111111111111111111111111111000000000000000000000000000000000000000000000000000000000000000000000001111111111111111111111111111111111
111111111111111111111111111111111111000000000000000000000000000000000000000000000000000000000000000000000001111111111111111111111111111111111
111111111111111111111111111111111111111111111111111111111111111111111111111111111111111111111111111111111111111111111111111111111111111111111
111111111111111111111111111111111111111111111111111111111111111111111111111111111111111111111111111111111111111111111111111111111111111111111
111111111111111111111111111111111111111111111111111111111111111111111111111111111111111111111111111111111111111111111111111111111111111111111
100000000011111111111111111111111111111111111111111111111111111111111111111111111111111111111111111111111111111111111111111111111110000000001
000000000001111111111111111111111111111111111111111111111111111111111111111111111111111111111111111111111111111111111111111111111110000000000
000000000000011111111111111111111111111111111111111111111111111111111111111111111111111111111111111111111111111111111111111111111100000000000
000000000000000000000000000000000000000000000000111111111111111111111111111111111111111111111000000000000000000000000000000000000000000000001
100000000000000000000000000000000000000000000000000000000000111111111111111111000000000000000000000000000000000000000000000000000000000000011
111000000000000000000000000000000000000000000000000000000000000000111111110000000000000000000000000000000000000000000000000000000000000001111
111110000000000000000000000000000000000000000000000000000000000000000111000000000000000000000000000000000000000000000000000000000000000111111
111111111111111111111111111111111111111111111111111110000000000000000000000000000000011111111111111111111111111111111111111111111111111111111
111111111111111111111111111111111111111111111111111111111110000000000000000000111111111111111111111111111111111111111111111111111111111111111
111111111111111111111111111111111111111111111111111111111111111100000000000011111111111111111111111111111111111111111111111111111111111111111
111111111111111111111111111111111111111111111111111111111111111111000000000111111111111111111111111111111111111111111111111111111111111111111
111111111111111111111111111111111111111111111111111111111111111111110000011111111111111111111111111111111111111111111111111111111111111111111
111111111111111111111111111111111111111111111111111111111111111111111000111111111111111111111111111111111111111111111111111111111111111111111
111111111111111111111111111111111111111111111111111111111111111111111111111111111111111111111111111111111111111111111111111111111111111111111
111111111111111111111111111111111111111111111111111111111111111111111111111111111111111111111111111111111111111111111111111111111111111111111
111111111111111111111111111111111111111111111111111111111111111111111111111111111111111111111111111111111111111111111111111111111111111111111